1_1_Buffer
[252, 41, 44, 44, 66, 98, 211, 67, 34, 67]
[18, 1, 6, 7, 2, 63, 4, 3, 6, 6]
1KB
1_10_Buffer
[220, 53, 58, 48, 96, 45, 45, 40, 47, 41]
[23, 4, 8, 12, 3, 7, 4, 6, 7, 16]
1Kb
10_1_Buffer
[224, 51, 54, 59, 64, 46, 38, 42, 31, 33]
[24, 5, 14, 4, 4, 3, 2, 4, 2, 3]
2Kb
10_10_Buffer
[190, 59, 75, 65, 51, 55, 40, 99, 40, 69]
[26, 13, 14, 5, 17, 11, 6, 14, 9, 4]
6KB
10_100_Buffer
[220, 65, 56, 48, 53, 62, 81, 52, 65, 61]
[58, 7, 12, 7, 11, 11, 6, 10, 28, 19]
46Kb
10_1000_Buffer
[392, 129, 58, 51, 32, 55, 41, 42, 38, 31]
[160, 48, 41, 13, 14, 22, 19, 19, 18, 11]
444KB
10_10000_Buffer
[447, 148, 118, 210, 279, 139, 130, 150, 109, 146]
[312, 127, 99, 107, 156, 100, 109, 128, 92, 107]
4443KB
10_100000_Buffer
[1623, 1443, 1739, 1542, 1452, 1354, 1303, 1363, 1394, 1321]
[1583, 1358, 1623, 1365, 2929, 1327, 1269, 1373, 1384, 1409]
44315KB
100_10_Buffer
[236, 117, 195, 177, 185, 118, 68, 113, 62, 61]
[70, 21, 27, 57, 79, 6, 22, 8, 43, 5]
54KB
100_100_Buffer
[404, 85, 56, 62, 53, 46, 55, 53, 31, 55]
[239, 58, 17, 24, 31, 14, 21, 18, 15, 24]
453KB
1000_10_Buffer
[285, 86, 47, 53, 50, 67, 45, 47, 55, 51]
[223, 47, 23, 22, 24, 24, 16, 29, 26, 52]
535KB
1000_1000_Buffer
[1883, 1509, 1376, 1351, 1259, 1422, 1348, 1294, 1334, 1437]
[1787, 1421, 1381, 1346, 1490, 1401, 1353, 1306, 1476, 1545]
44409KB
10000_10_Buffer
[516, 218, 167, 189, 147, 143, 135, 173, 133, 124]
[292, 175, 183, 117, 105, 104, 110, 101, 111, 95]
5348KB
100000_10_Buffer
[2110, 1590, 1494, 1650, 1531, 1418, 1604, 1529, 1645, 1645]
[4747, 3197, 3181, 3116, 3202, 3192, 3035, 3325, 3219, 3055]
53472KB
1_1_XML
[373, 7, 5, 6, 6, 9, 6, 4, 4, 4]
[129, 7, 9, 10, 7, 8, 9, 10, 8, 5]
1KB
1_10_XML
[359, 7, 8, 7, 8, 8, 6, 8, 7, 6]
[131, 14, 12, 11, 11, 14, 12, 13, 9, 13]
4KB
10_1_XML
[357, 14, 10, 10, 13, 11, 9, 20, 8, 7]
[141, 30, 22, 19, 15, 16, 15, 24, 10, 16]
6KB
10_10_XML
[352, 35, 20, 22, 17, 19, 19, 10, 9, 32]
[212, 171, 33, 29, 46, 37, 44, 21, 23, 50]
32KB
10_100_XML
[448, 49, 48, 40, 31, 37, 32, 29, 36, 35]
[410, 158, 153, 97, 69, 67, 82, 66, 101, 59]
297KB
10_1000_XML
[904, 302, 117, 73, 73, 86, 68, 67, 78, 72]
[971, 347, 222, 139, 167, 160, 144, 118, 111, 119]
2945KB
10_10000_XML
[1848, 1532, 810, 737, 700, 766, 752, 760, 725, 699]
[3284, 1302, 1270, 1281, 1343, 1238, 1209, 1211, 1161, 1185]
29428KB
10_100000_XML
[14597, 13507, 12869, 11204, 11953, 8622, 12122, 13986, 11556, 12984]
[20362, 19870, 18303, 17827, 19861, 20443, 16331, 16132, 14626, 15142]
294263KB
100_10_XML
[477, 94, 54, 133, 44, 35, 64, 27, 30, 43]
[415, 221, 174, 115, 106, 60, 50, 71, 83, 82]
319KB
100_100_XML
[742, 212, 76, 80, 96, 86, 69, 86, 74, 67]
[1146, 243, 164, 121, 210, 173, 127, 134, 142, 143]
2967KB
1000_10_XML
[712, 225, 175, 75, 79, 87, 111, 80, 74, 86]
[1045, 334, 258, 151, 181, 164, 139, 140, 128, 156]
3186KB
1000_1000_XML
[14125, 12362, 13391, 11060, 14007, 12571, 13895, 7227, 11586, 12021]
[16402, 21782, 14654, 15337, 15978, 19360, 17473, 13114, 13952, 14106]
294503KB
10000_10_XML
[1573, 1685, 726, 727, 763, 746, 769, 791, 786, 736]
[2183, 1417, 1337, 1366, 1378, 1403, 1369, 1335, 1399, 1352]
31859KB
100000_10_XML
[9583, 15509, 13136, 16299, 14395, 13792, 15565, 14989, 10324, 16964]
[22393, 16683, 21379, 16016, 17644, 20995, 16139, 15337, 31796, 25655]
318580kb